 0.00000
 30.0000
 72.3659
 127.561
 196.052
 278.304
 374.781
 485.946
 612.266
 754.206
 912.229
 1084.40
 1273.11
 1481.63
 1707.64
 1951.58
 2213.94
 2495.16
 2795.73
 3116.10
 3456.73
 3818.10
 4200.66
 4604.89
 5031.24
 5480.19
 5952.19
 6447.71
 6967.22
 7511.17
 8080.05
 8674.30
 9294.40
 9940.81
 10614.0
 11314.4
 12042.6
 12798.9
 13583.8
 14397.8
 15241.4
 16115.0
 17019.1
 17945.5
 18872.7
 19800.0
 20727.3
 21654.5
 22581.8
 23509.1
 24436.4
 25363.6
 26290.9
 27218.2
 28145.5
 29072.7
 30000.0
